hàng 1: số col, số row, cell width, cell height
col*row hàng tiếp theo: idCell, left, top
những hàng còn lại là thông tin object trong các cell: idCell, type, x, y, width, height
8 5 1 288 101 5
8 5 128 233 142 5
8 5 143 353 118 5
8 5 258 272 24 5
1 5 358 223 110 5
2 5 771 217 76 5
3 5 851 216 60 5
3 5 1098 208 32 5
4 5 1135 209 127 5
4 5 1384 207 30 5
5 5 1417 210 139 5
7 5 2082 211 180 5
9 5 286 270 100 5
9 5 440 289 116 5
9 5 314 370 125 5
10 5 594 312 51 5
10 5 704 370 87 5
10 5 771 337 78 5
10 5 615 415 104 5
11 5 854 313 99 5
11 5 852 338 58 5
11 5 928 271 190 5
11 5 943 447 166 5
12 5 1133 322 130 5
12 5 1230 368 185 5
12 5 1303 259 107 5
13 5 1417 369 281 5
14 5 1700 370 29 5
14 5 1792 370 157 5
14 5 1870 242 111 5
15 5 2033 447 229 5
15 5 1983 242 148 5
16 5 3 497 98 5
16 5 127 553 143 5
17 5 542 587 21 5
17 5 427 459 137 5
18 5 569 459 68 5
18 5 568 586 278 5
19 5 852 585 59 5
19 5 872 513 101 5
19 5 945 672 61 5
19 5 1067 483 64 5
20 5 1134 482 97 5
20 5 1391 609 22 5
21 5 1417 609 70 5
21 5 1568 607 62 5
21 5 1616 527 80 5
22 5 1699 528 98 5
22 5 1769 609 180 5
23 5 2087 592 176 5
24 5 2 708 139 5
24 5 129 753 124 5
24 5 240 862 42 5
25 5 285 862 71 5
25 5 336 896 145 5
25 5 426 818 139 5
25 5 449 707 116 5
26 5 568 705 216 5
26 5 762 738 84 5
26 5 567 817 45 5
27 5 866 705 91 5
27 5 851 738 34 5
27 5 1048 768 67 5
27 5 905 833 212 5
27 5 1114 689 18 5
28 5 1138 690 141 5
28 5 1240 750 157 5
28 5 1319 816 94 5
29 5 1421 862 65 5
29 5 1569 718 82 5
29 5 1636 768 58 5
30 5 1697 768 122 5
30 5 1833 849 100 5
31 5 2143 702 120 5
31 5 2176 818 85 5
33 5 450 915 113 5
34 5 568 913 277 5
35 5 851 913 83 5
35 5 1113 913 19 5
36 5 1133 913 96 5
37 5 1417 930 68 5
37 5 1569 977 128 5
38 5 1699 975 121 5
38 5 1786 1025 181 5
2 4 767 30 16 190
5 4 1536 2 16 209
6 4 1712 120 16 105
6 4 1776 4 16 221
8 4 240 240 16 114
9 4 370 236 16 37
9 4 449 237 16 52
9 4 449 299 16 151
10 4 703 379 16 40
10 4 769 342 16 28
10 4 623 429 16 28
11 4 929 288 16 24
11 4 1120 229 16 93
12 4 1250 327 16 43
12 4 1393 230 16 27
13 4 1521 297 16 72
13 4 1488 403 16 48
13 4 1556 401 16 51
14 4 1712 229 16 141
14 4 1776 230 16 222
16 4 240 565 16 113
17 4 433 469 16 209
19 4 895 525 16 59
19 4 961 462 16 49
19 4 1121 497 16 183
21 4 1488 455 16 222
21 4 1556 457 16 222
22 4 1776 455 16 152
22 4 1919 618 16 61
24 4 128 719 16 33
24 4 240 682 16 182
25 4 435 683 16 29
25 4 338 875 16 25
25 4 480 827 16 80
26 4 766 713 16 24
27 4 864 711 16 25
27 4 942 681 16 23
27 4 914 853 16 58
27 4 1117 697 16 216
28 4 1250 700 16 49
28 4 1327 766 16 51
29 4 1647 736 16 31
29 4 1488 682 16 224
29 4 1556 684 16 222
30 4 1919 682 16 164
37 4 1488 907 16 214
37 4 1556 907 16 217
8 6 85 329 4 118
8 6 278 325 4 127
14 6 1926 410 4 42
15 6 2069 293 4 104
16 6 85 545 4 125
16 6 278 456 4 133
17 6 470 497 4 171
19 6 1045 502 4 133
21 6 1654 578 4 93
22 6 1926 456 4 97
23 6 2054 508 4 164
30 6 1798 820 4 86