8 5 283 227 
0 0 0
1 283 0
2 566 0
3 849 0
4 1132 0
5 1415 0
6 1698 0
7 1981 0
8 0 227
9 283 227
10 566 227
11 849 227
12 1132 227
13 1415 227
14 1698 227
15 1981 227
16 0 454
17 283 454
18 566 454
19 849 454
20 1132 454
21 1415 454
22 1698 454
23 1981 454
24 0 681
25 283 681
26 566 681
27 849 681
28 1132 681
29 1415 681
30 1698 681
31 1981 681
32 0 909
33 283 909
34 566 909
35 849 909
36 1132 909
37 1415 909
38 1698 909
39 1981 909
1 5 1 289 103 5
2 5 128 232 143 5
3 5 257 273 134 5
4 5 359 224 109 5
5 5 442 289 116 5
6 5 770 218 139 5
7 5 927 270 192 5
8 5 1098 211 165 5
9 5 1121 321 142 5
10 5 1382 207 176 5
11 5 1305 256 105 5
12 5 1502 289 49 5
13 5 1707 113 24 5
14 5 1871 239 262 5
15 5 2081 209 187 5
16 5 1289 369 440 5
17 5 1794 368 156 5
18 5 2033 448 235 5
19 5 2088 593 181 5
20 5 2145 703 122 5
21 5 2175 816 93 5
22 5 1776 609 172 5
23 5 1615 527 172 5
24 5 1390 607 233 5
25 5 1570 719 94 5
26 5 1635 769 185 5
27 5 1095 480 133 5
28 5 944 446 161 10
29 5 856 314 95 5
30 5 770 337 136 5
31 5 705 370 84 5
32 5 596 313 50 5
33 5 622 418 97 5
34 5 142 353 109 5
35 5 311 369 123 5
36 5 425 457 214 5
37 5 1 497 100 5
38 5 129 553 139 5
39 5 546 585 358 5
40 5 452 706 330 5
41 5 765 736 112 5
42 5 866 707 87 5
43 5 945 674 60 5
44 5 1123 689 163 5
45 5 871 514 91 5
46 5 2 705 137 5
47 5 130 753 122 5
48 5 242 865 110 5
49 5 338 896 144 5
50 5 428 818 185 5
51 5 482 912 451 5
52 5 906 835 210 5
53 5 1049 770 66 5
54 5 1113 914 116 5
55 5 1243 751 153 5
56 5 1320 815 95 5
57 5 1433 864 62 5
58 5 1406 930 82 5
59 5 1569 976 249 5
60 5 1834 849 90 5
61 5 1785 1024 181 5
62 5 0 1100 2246 8
63 4 241 245 16 108
64 4 370 241 16 31
65 4 447 242 16 45
66 4 449 303 16 152
67 4 435 469 16 228
68 4 241 565 16 186
69 4 242 768 16 97
70 4 483 827 16 83
71 4 768 31 16 184
72 4 930 289 16 20
73 4 770 346 16 20
74 4 853 319 16 16
75 4 625 434 16 22
76 4 1120 217 16 103
77 4 959 463 16 49
78 4 895 526 16 58
79 4 769 711 16 26
80 4 863 711 16 24
81 4 1250 331 16 23
82 4 1391 224 16 32
83 4 1536 1 16 206
84 4 1520 296 16 70
85 4 1712 123 16 242
86 4 1776 4 16 605
87 4 1119 496 16 417
88 4 943 678 16 25
89 4 913 847 16 65
90 4 1251 700 16 50
91 4 1328 770 16 47
92 4 1647 737 16 31
93 4 1921 623 16 224
94 4 1488 401 16 723
95 4 1552 399 16 725
96 4 130 712 16 41
97 4 1090 462 16 18
98 4 705 378 16 38
99 4 0 0 4 1136
100 4 2250 0 4 1116
101 4 338 880 12 17
102 6 86 339 6 75
103 6 86 557 6 83
104 6 278 339 6 242
105 6 469 505 6 100
106 6 1046 526 6 102
107 6 1926 427 6 99
108 6 2069 297 6 85
109 6 2053 513 6 117
110 6 1653 569 6 86
111 6 1799 831 6 72
112 5 2080 210 180 5
113 5 2030 448 230 5
114 5 2090 595 170 5
115 5 2145 705 115 5
116 5 2176 817 80 5
300 3 27 201 11 11
301 3 12 218 11 11
302 3 26 234 11 11
303 3 42 216 11 11
304 3 186 154 11 11
305 3 170 171 11 11
306 3 187 188 11 11
307 3 203 171 11 11
308 3 425 106 11 11
309 3 443 59 11 11
310 3 474 26 11 11
311 3 522 28 11 11
312 3 619 75 11 11
313 3 571 201 11 11
314 3 617 155 11 11
315 3 666 121 11 11
316 3 796 170 11 11
317 3 827 153 11 11
318 3 857 170 11 11
319 3 906 139 11 11
320 3 937 122 11 11
321 3 969 153 11 11
322 3 1434 152 11 11
323 3 1467 137 11 11
324 3 1499 154 11 11
325 3 1659 42 11 11
326 3 1723 41 11 11
327 3 1737 105 11 11
328 3 1739 153 11 11
329 3 1739 248 11 11
330 3 1741 344 11 11
331 3 2122 169 11 11
332 3 12 439 11 11
333 3 44 426 11 11
334 3 75 441 11 11
335 3 156 696 11 11
336 3 171 682 11 11
337 3 170 714 11 11
338 3 187 697 11 11
339 3 300 585 11 11
340 3 346 537 11 11
341 3 459 523 11 11
342 3 11 1017 11 11
343 3 43 1001 11 11
344 3 43 1033 11 11
345 3 75 1019 11 11
346 3 347 1017 11 11
347 3 379 1001 11 11
348 3 380 1034 11 11
349 3 411 1018 11 11
350 3 508 858 11 11
351 3 761 474 11 11
352 3 795 442 11 11
353 3 730 826 11 11
354 3 763 809 11 11
355 3 795 826 11 11
356 3 874 858 11 11
357 3 778 666 11 11
358 3 811 648 11 11
359 3 844 666 11 11
360 3 971 379 11 11
361 3 1003 362 11 11
362 3 1034 377 11 11
363 3 1051 730 11 11
364 3 1066 713 11 11
365 3 1081 729 11 11
366 3 1162 634 11 11
367 3 1067 791 11 11
368 3 1336 313 11 11
369 3 1370 298 11 11
370 3 1403 314 11 11
371 3 1307 442 11 11
372 3 1371 489 11 11
373 3 1322 890 11 11
374 3 1577 570 11 11
375 3 1708 491 11 11
376 3 1723 474 11 11
377 3 1738 491 11 11
378 3 1579 663 11 11
379 3 1596 648 11 11
380 3 1595 681 11 11
381 3 1610 666 11 11
382 3 1580 1050 11 11
383 3 1596 1066 11 11
384 3 1594 1034 11 11
385 3 1611 1050 11 11
386 3 1787 1034 11 11
387 3 1946 775 11 11
388 3 1948 825 11 11
389 3 2168 522 11 11
390 3 2202 505 11 11
391 3 2235 523 11 11
392 3 2219 776 11 11
393 3 2236 759 11 11
394 3 2251 777 11 11
395 3 2234 795 11 11
396 3 2203 1049 11 11
397 3 2219 1034 11 11
398 3 2234 1047 11 11
600 7 1653 95 33 17
601 7 1588 127 33 17
602 7 1637 175 33 17
603 7 1590 223 33 17
604 7 1637 272 33 17
605 7 1590 320 33 17
606 7 1445 319 33 17
607 7 1302 496 33 17
608 7 1366 543 33 17
609 7 1302 653 33 17
610 7 1222 864 33 17
611 7 1308 935 33 17
612 7 1254 975 33 17
613 7 1301 1022 33 17
614 7 1637 880 33 17
615 7 1669 927 33 17
616 7 1829 303 33 17
617 7 1974 368 33 17
618 7 1957 494 33 17
619 7 1989 543 33 17
620 7 2053 719 33 17
621 7 1990 767 33 17
622 7 2052 814 33 17
623 7 2119 857 33 17
624 7 2070 895 33 17
625 7 2118 943 33 17
626 7 2055 976 33 17
627 7 1990 1024 33 17
628 7 548 89 33 17
629 7 615 121 33 17
630 7 661 174 33 17
631 7 613 205 33 17
632 7 565 255 33 17
633 7 290 639 33 17
634 7 355 687 33 17
635 7 310 735 33 17
636 7 356 782 33 17
637 7 662 848 33 17
2000 8 725 1032 51 35
2001 8 725 1064 51 35
2002 8 778 1033 51 35
2003 8 778 1065 51 35
2004 8 1725 806 51 35
2005 8 1725 838 51 35
2006 8 1725 873 51 35
2007 8 1725 903 51 35
2008 8 1725 936 51 35
2009 8 120 646 51 35
2010 8 1015 663 51 35
2011 8 1062 663 51 35
2012 8 1334 566 51 35
2013 8 1334 599 51 35
2014 8 1976 294 51 35
2015 8 1509 246 51 35
700 9 872 262 17 17
701 9 1336 216 17 17
702 9 1592 263 17 17
703 9 1641 215 17 17
704 9 1689 5 17 17
705 9 1735 71 17 17
706 9 2120 374 17 17
707 9 2104 392 17 17
708 9 2121 407 17 17
709 9 2135 391 17 17
800 10 0 305 39 52
801 10 257 809 39 52
802 10 1135 262 39 52
803 10 1151 728 39 52
804 10 1552 28 39 52
900 11 791 295 19 23
901 11 1592 806 19 23
1000 12 470 781 22 33
1001 12 727 336 22 33
1002 12 1157 447 22 33
1003 12 1653 336 22 33
1004 12 1862 815 22 33
1005 12 1892 336 22 33
500 1 577 495 31 56
501 1 579 606 31 56
502 1 688 495 31 56
503 1 690 609 31 56
504 1 977 1008 31 56
505 1 1042 1007 31 56
506 1 1107 1007 31 56
1100 13 177 502 56 52 177 177
1101 13 17 653 56 52 17 30
1102 13 731 859 56 52 710 750
1103 13 967 217 56 52 967 967
1104 13 1164 156 56 52 1164 1164
1105 13 2072 1044 56 52 2060 2090
1106 13 2114 539 56 52 2114 2114
1107 13 1944 188 56 52 1920 1970
1108 13 1350 1044 56 52 1320 1370
1109 13 1352 315 56 52 1320 1370
1110 14 1583 914 45 63 1560 1600
1111 14 2166 756 45 63 2130 2180
1112 15 592 820 56 93
1113 15 950 580 56 93
1114 15 922 738 56 93
1115 15 1148 819 56 93
1116 15 1340 661 56 93
1117 15 1192 228 56 93
1118 15 1617 439 56 93
1119 15 1711 679 56 93
1120 15 1818 515 56 93
1121 16 94 124 8 19
1122 16 237 395 8 19
1123 16 347 960 8 19
1124 16 762 239 8 19
1125 16 763 960 8 19
1126 16 1435 944 8 19
1127 16 1771 608 8 19
1128 21 2225 83 5 5
-1